; PROGRAM=VOFLX_CR5A
; VERSION= V2.6    05-MAY-2016     
; RUN_TIME=22-Oct-14 17:17:26  
; SECTORS_SELECTED=1,2,3,5,6,7       
;
;
;
;  s/c	  Start_Year	   Start_Day	   End_Year	    End_Day	  Ave._Year	  Std._Year	   Z	   A	          E/n	      (delta)E/2	         Emin	         Emax	      Raw_Flux	     Raw_Sigma	     Alpha	    dAlpha	          Flux	         sigma	S1	S2	S3	S4	S5	S6	S7	S8	SU
;
     1	        1999	           1	       1999	        365	   1999.503	   1999.502	   1	   1	       0.4355	          0.0425	       0.3930	       0.4780	    7.3390E-03	    7.3390E-03	    -1.000	    -1.000	    7.3390E-03	    7.3390E-03	1	1	1	0	1	1	1	0	0
     1	        1999	           1	       1999	        365	   1999.503	   1999.502	   1	   1	       0.7140	          0.0830	       0.6310	       0.7970	    2.3081E-03	    5.4401E-04	    -1.000	    -1.000	    2.3081E-03	    5.4401E-04	1	1	1	0	1	1	1	0	0
     1	        1999	           1	       1999	        365	   1999.503	   1999.502	   1	   1	       0.9380	          0.1410	       0.7970	       1.0790	    1.0567E-03	    2.8242E-04	    -1.000	    -1.000	    1.0567E-03	    2.8242E-04	1	1	1	0	1	1	1	0	0
     1	        1999	           1	       1999	        365	   1999.503	   1999.502	   1	   1	       1.2355	          0.1565	       1.0790	       1.3920	    1.7001E-03	    3.4002E-04	    -1.000	    -1.000	    1.7001E-03	    3.4002E-04	1	1	1	0	1	1	1	0	0
     1	        1999	           1	       1999	        365	   1999.503	   1999.502	   1	   1	       5.5860	          0.5930	       4.9930	       6.1790	    4.9895E-04	    3.5370E-05	    -1.000	    -1.000	    4.9895E-04	    3.5370E-05	1	1	1	0	1	1	1	0	0
     1	        1999	           1	       1999	        365	   1999.503	   1999.502	   1	   1	       7.3600	          1.1810	       6.1790	       8.5410	    7.4152E-04	    3.0554E-05	    -1.000	    -1.000	    7.4152E-04	    3.0554E-05	1	1	1	0	1	1	1	0	0
     1	        1999	           1	       1999	        365	   1999.503	   1999.502	   1	   1	       9.9405	          1.3995	       8.5410	      11.3400	    1.1060E-03	    3.4278E-05	    -1.000	    -1.000	    1.1060E-03	    3.4278E-05	1	1	1	0	1	1	1	0	0
     1	        1999	           1	       1999	        365	   1999.503	   1999.502	   1	   1	      22.2645	          1.6535	      20.6110	      23.9180	    2.7413E-03	    5.4490E-05	    -1.000	    -1.000	    2.7413E-03	    5.4490E-05	1	1	1	0	1	1	1	0	0
     1	        1999	           1	       1999	        365	   1999.503	   1999.502	   1	   1	      26.7105	          2.7925	      23.9180	      29.5030	    2.2389E-03	    3.7893E-05	    -1.000	    -1.000	    2.2389E-03	    3.7893E-05	1	1	1	0	1	1	1	0	0
     1	        1999	           1	       1999	        365	   1999.503	   1999.502	   1	   1	     211.5000	          0.5000	     211.0000	     212.0000	    7.1061E+00	    8.2647E-04	    -1.000	    -1.000	    7.1061E+00	    8.2647E-04	1	1	1	0	1	1	1	0	0
     1	        1999	           1	       1999	        365	   1999.503	   1999.502	   2	   4	       0.3945	          0.1385	       0.3460	       0.5330	    7.1488E-04	    3.1971E-04	    -1.000	    -1.000	    7.1488E-04	    3.1971E-04	1	1	1	0	1	1	1	0	0
     1	        1999	           1	       1999	        365	   1999.503	   1999.502	   2	   4	       0.6995	          0.0915	       0.6080	       0.7910	    4.5175E-04	    2.2459E-04	    -1.000	    -1.000	    4.5175E-04	    2.2459E-04	1	1	1	0	1	1	1	0	0
     1	        1999	           1	       1999	        365	   1999.503	   1999.502	   2	   4	       1.0285	          0.2375	       0.7910	       1.2660	    1.7268E-04	    6.1881E-05	    -1.000	    -1.000	    1.7268E-04	    6.1881E-05	1	1	1	0	1	1	1	0	0
     1	        1999	           1	       1999	        365	   1999.503	   1999.502	   2	   4	       1.5870	          0.3210	       1.2660	       1.9080	    9.5466E-04	    1.2930E-04	    -1.000	    -1.000	    9.5466E-04	    1.2930E-04	1	1	1	0	1	1	1	0	0
     1	        1999	           1	       1999	        365	   1999.503	   1999.502	   2	   4	       2.4470	          0.5390	       1.9080	       2.9860	    1.1264E-03	    1.2193E-04	    -1.000	    -1.000	    1.1264E-03	    1.2193E-04	1	1	1	0	1	1	1	0	0
     1	        1999	           1	       1999	        365	   1999.503	   1999.502	   2	   4	       3.5605	          0.5745	       2.9860	       4.1350	    1.5339E-03	    1.4071E-04	    -1.000	    -1.000	    1.5339E-03	    1.4071E-04	1	1	1	0	1	1	1	0	0
     1	        1999	           1	       1999	        365	   1999.503	   1999.502	   2	   4	       5.4555	          0.7925	       4.6630	       6.2480	    2.9610E-03	    1.0622E-04	    -1.000	    -1.000	    2.9610E-03	    1.0622E-04	1	1	1	0	1	1	1	0	0
     1	        1999	           1	       1999	        365	   1999.503	   1999.502	   2	   4	       7.4445	          1.1965	       6.2480	       8.6410	    2.6048E-03	    8.1085E-05	    -1.000	    -1.000	    2.6048E-03	    8.1085E-05	1	1	1	0	1	1	1	0	0
     1	        1999	           1	       1999	        365	   1999.503	   1999.502	   2	   4	      10.0635	          1.4225	       8.6410	      11.4860	    2.1507E-03	    6.7572E-05	    -1.000	    -1.000	    2.1507E-03	    6.7572E-05	1	1	1	0	1	1	1	0	0
     1	        1999	           1	       1999	        365	   1999.503	   1999.502	   2	   4	      15.7505	          4.2645	      11.4860	      20.0150	    1.0552E-03	    2.7336E-05	    -1.000	    -1.000	    1.0552E-03	    2.7336E-05	1	1	1	0	1	1	1	0	0
     1	        1999	           1	       1999	        365	   1999.503	   1999.502	   2	   4	      25.1995	          4.5435	      20.6560	      29.7430	    4.7076E-04	    1.3734E-05	    -1.000	    -1.000	    4.7076E-04	    1.3734E-05	1	1	1	0	1	1	1	0	0
     1	        1999	           1	       1999	        365	   1999.503	   1999.502	   6	  12	       0.8305	          0.1745	       0.6560	       1.0050	    1.0807E-05	    3.8210E-06	    -1.000	    -1.000	    1.0807E-05	    3.8210E-06	1	1	1	0	1	1	1	0	0
     1	        1999	           1	       1999	        365	   1999.503	   1999.502	   6	  12	       1.2900	          0.2850	       1.0050	       1.5750	    4.9628E-06	    2.0261E-06	    -1.000	    -1.000	    4.9628E-06	    2.0261E-06	1	1	1	0	1	1	1	0	0
     1	        1999	           1	       1999	        365	   1999.503	   1999.502	   6	  12	       2.0930	          0.5180	       1.5750	       2.6110	    5.9161E-06	    1.6408E-06	    -1.000	    -1.000	    5.9161E-06	    1.6408E-06	1	1	1	0	1	1	1	0	0
     1	        1999	           1	       1999	        365	   1999.503	   1999.502	   6	  12	       3.2775	          0.6665	       2.6110	       3.9440	    2.8147E-06	    9.9517E-07	    -1.000	    -1.000	    2.8147E-06	    9.9517E-07	1	1	1	0	1	1	1	0	0
     1	        1999	           1	       1999	        365	   1999.503	   1999.502	   6	  12	       5.4485	          1.5045	       3.9440	       6.9530	    4.7894E-06	    8.6020E-07	    -1.000	    -1.000	    4.7894E-06	    8.6020E-07	1	1	1	0	1	1	1	0	0
     1	        1999	           1	       1999	        365	   1999.503	   1999.502	   6	  12	      11.6275	          1.9985	       9.6290	      13.6260	    7.2273E-07	    1.1152E-07	    -1.000	    -1.000	    7.2273E-07	    1.1152E-07	1	1	1	0	1	1	1	0	0
     1	        1999	           1	       1999	        365	   1999.503	   1999.502	   6	  12	      16.4285	          2.8025	      13.6260	      19.2310	    8.6012E-07	    1.0281E-07	    -1.000	    -1.000	    8.6012E-07	    1.0281E-07	1	1	1	0	1	1	1	0	0
     1	        1999	           1	       1999	        365	   1999.503	   1999.502	   6	  12	      23.5080	          4.2770	      19.2310	      27.7850	    5.4619E-07	    6.6235E-08	    -1.000	    -1.000	    5.4619E-07	    6.6235E-08	1	1	1	0	1	1	1	0	0
     1	        1999	           1	       1999	        365	   1999.503	   1999.502	   6	  12	      32.4080	          4.6230	      27.7850	      37.0310	    5.2017E-07	    6.2172E-08	    -1.000	    -1.000	    5.2017E-07	    6.2172E-08	1	1	1	0	1	1	1	0	0
     1	        1999	           1	       1999	        365	   1999.503	   1999.502	   6	  12	      46.6195	          7.4485	      39.1710	      54.0680	    1.2809E-06	    8.3206E-08	    -1.000	    -1.000	    1.2809E-06	    8.3206E-08	1	1	1	0	1	1	1	0	0
     1	        1999	           1	       1999	        365	   1999.503	   1999.502	   7	  14	       0.8370	          0.1770	       0.6600	       1.0140	    7.0587E-05	    9.6959E-06	    -1.000	    -1.000	    7.0587E-05	    9.6959E-06	1	1	1	0	1	1	1	0	0
     1	        1999	           1	       1999	        365	   1999.503	   1999.502	   7	  14	       1.3115	          0.2975	       1.0140	       1.6090	    9.8256E-05	    8.8236E-06	    -1.000	    -1.000	    9.8256E-05	    8.8236E-06	1	1	1	0	1	1	1	0	0
     1	        1999	           1	       1999	        365	   1999.503	   1999.502	   7	  14	       2.1730	          0.5640	       1.6090	       2.7370	    7.0219E-05	    5.4175E-06	    -1.000	    -1.000	    7.0219E-05	    5.4175E-06	1	1	1	0	1	1	1	0	0
     1	        1999	           1	       1999	        365	   1999.503	   1999.502	   7	  14	       3.4270	          0.6900	       2.7370	       4.1170	    4.0656E-05	    3.7269E-06	    -1.000	    -1.000	    4.0656E-05	    3.7269E-06	1	1	1	0	1	1	1	0	0
     1	        1999	           1	       1999	        365	   1999.503	   1999.502	   7	  14	       5.3810	          1.2640	       4.1170	       6.6450	    2.8786E-05	    2.3048E-06	    -1.000	    -1.000	    2.8786E-05	    2.3048E-06	1	1	1	0	1	1	1	0	0
     1	        1999	           1	       1999	        365	   1999.503	   1999.502	   7	  14	      11.6955	          1.8135	       9.8820	      13.5090	    7.5962E-06	    3.7934E-07	    -1.000	    -1.000	    7.5962E-06	    3.7934E-07	1	1	1	0	1	1	1	0	0
     1	        1999	           1	       1999	        365	   1999.503	   1999.502	   7	  14	      16.3790	          2.8700	      13.5090	      19.2490	    2.8249E-06	    1.8388E-07	    -1.000	    -1.000	    2.8249E-06	    1.8388E-07	1	1	1	0	1	1	1	0	0
     1	        1999	           1	       1999	        365	   1999.503	   1999.502	   7	  14	      23.3445	          4.0955	      19.2490	      27.4400	    1.0569E-06	    9.4156E-08	    -1.000	    -1.000	    1.0569E-06	    9.4156E-08	1	1	1	0	1	1	1	0	0
     1	        1999	           1	       1999	        365	   1999.503	   1999.502	   7	  14	      32.9870	          5.5470	      27.4400	      38.5340	    4.3352E-07	    5.1816E-08	    -1.000	    -1.000	    4.3352E-07	    5.1816E-08	1	1	1	0	1	1	1	0	0
     1	        1999	           1	       1999	        365	   1999.503	   1999.502	   7	  14	      50.8700	          8.2790	      42.5910	      59.1490	    5.2517E-07	    5.0534E-08	    -1.000	    -1.000	    5.2517E-07	    5.0534E-08	1	1	1	0	1	1	1	0	0
     1	        1999	           1	       1999	        365	   1999.503	   1999.502	   8	  16	       0.3170	          0.0660	       0.3070	       0.3830	    5.4622E-04	    6.7751E-05	    -1.000	    -1.000	    5.4622E-04	    6.7751E-05	1	1	1	0	1	1	1	0	0
     1	        1999	           1	       1999	        365	   1999.503	   1999.502	   8	  16	       0.8235	          0.1775	       0.6460	       1.0010	    5.7695E-04	    2.7663E-05	    -1.000	    -1.000	    5.7695E-04	    2.7663E-05	1	1	1	0	1	1	1	0	0
     1	        1999	           1	       1999	        365	   1999.503	   1999.502	   8	  16	       1.2740	          0.2730	       1.0010	       1.5470	    7.3117E-04	    2.5124E-05	    -1.000	    -1.000	    7.3117E-04	    2.5124E-05	1	1	1	0	1	1	1	0	0
     1	        1999	           1	       1999	        365	   1999.503	   1999.502	   8	  16	       2.0955	          0.5485	       1.5470	       2.6440	    4.5298E-04	    1.3953E-05	    -1.000	    -1.000	    4.5298E-04	    1.3953E-05	1	1	1	0	1	1	1	0	0
     1	        1999	           1	       1999	        365	   1999.503	   1999.502	   8	  16	       3.3470	          0.7030	       2.6440	       4.0500	    2.5552E-04	    9.2565E-06	    -1.000	    -1.000	    2.5552E-04	    9.2565E-06	1	1	1	0	1	1	1	0	0
     1	        1999	           1	       1999	        365	   1999.503	   1999.502	   8	  16	       5.4705	          1.4205	       4.0500	       6.8910	    1.4429E-04	    4.8835E-06	    -1.000	    -1.000	    1.4429E-04	    4.8835E-06	1	1	1	0	1	1	1	0	0
     1	        1999	           1	       1999	        365	   1999.503	   1999.502	   8	  16	       7.7840	          0.8930	       6.8910	       8.6770	    6.8968E-05	    4.2367E-06	    -1.000	    -1.000	    6.8968E-05	    4.2367E-06	1	1	1	0	1	1	1	0	0
     1	        1999	           1	       1999	        365	   1999.503	   1999.502	   8	  16	      12.0065	          1.5665	      10.4400	      13.5730	    3.0987E-05	    8.2435E-07	    -1.000	    -1.000	    3.0987E-05	    8.2435E-07	1	1	1	0	1	1	1	0	0
     1	        1999	           1	       1999	        365	   1999.503	   1999.502	   8	  16	      16.5730	          3.0000	      13.5730	      19.5730	    1.2573E-05	    3.7945E-07	    -1.000	    -1.000	    1.2573E-05	    3.7945E-07	1	1	1	0	1	1	1	0	0
     1	        1999	           1	       1999	        365	   1999.503	   1999.502	   8	  16	      23.5930	          4.0200	      19.5730	      27.6130	    4.0934E-06	    1.8703E-07	    -1.000	    -1.000	    4.0934E-06	    1.8703E-07	1	1	1	0	1	1	1	0	0
     1	        1999	           1	       1999	        365	   1999.503	   1999.502	   8	  16	      33.0865	          5.4735	      27.6130	      38.5600	    1.5314E-06	    9.8039E-08	    -1.000	    -1.000	    1.5314E-06	    9.8039E-08	1	1	1	0	1	1	1	0	0
     1	        1999	           1	       1999	        365	   1999.503	   1999.502	   8	  16	      53.5565	          7.8395	      45.7170	      61.3960	    1.1811E-06	    7.7880E-08	    -1.000	    -1.000	    1.1811E-06	    7.7880E-08	1	1	1	0	1	1	1	0	0
     1	        1999	           1	       1999	        365	   1999.503	   1999.502	  10	  20	       0.8400	          0.1570	       0.6830	       0.9970	    4.5430E-05	    8.1594E-06	    -1.000	    -1.000	    4.5430E-05	    8.1594E-06	1	1	1	0	1	1	1	0	0
     1	        1999	           1	       1999	        365	   1999.503	   1999.502	  10	  20	       1.2435	          0.2465	       0.9970	       1.4900	    4.7603E-05	    6.6657E-06	    -1.000	    -1.000	    4.7603E-05	    6.6657E-06	1	1	1	0	1	1	1	0	0
     1	        1999	           1	       1999	        365	   1999.503	   1999.502	  10	  20	       2.1320	          0.6420	       1.4900	       2.7740	    3.5682E-05	    3.5864E-06	    -1.000	    -1.000	    3.5682E-05	    3.5864E-06	1	1	1	0	1	1	1	0	0
     1	        1999	           1	       1999	        365	   1999.503	   1999.502	  10	  20	       3.3555	          0.5815	       2.7740	       3.9370	    1.4594E-05	    2.4323E-06	    -1.000	    -1.000	    1.4594E-05	    2.4323E-06	1	1	1	0	1	1	1	0	0
     1	        1999	           1	       1999	        365	   1999.503	   1999.502	  10	  20	       4.7315	          0.7945	       3.9370	       5.5260	    9.1395E-06	    1.6416E-06	    -1.000	    -1.000	    9.1395E-06	    1.6416E-06	1	1	1	0	1	1	1	0	0
     1	        1999	           1	       1999	        365	   1999.503	   1999.502	  10	  20	       7.5625	          2.0365	       5.5260	       9.5990	    1.9326E-06	    4.6872E-07	    -1.000	    -1.000	    1.9326E-06	    4.6872E-07	1	1	1	0	1	1	1	0	0
     1	        1999	           1	       1999	        365	   1999.503	   1999.502	  10	  20	      12.6410	          1.0860	      11.5550	      13.7270	    1.1388E-06	    1.8980E-07	    -1.000	    -1.000	    1.1388E-06	    1.8980E-07	1	1	1	0	1	1	1	0	0
     1	        1999	           1	       1999	        365	   1999.503	   1999.502	  10	  20	      16.8275	          3.1005	      13.7270	      19.9280	    6.0940E-07	    8.2171E-08	    -1.000	    -1.000	    6.0940E-07	    8.2171E-08	1	1	1	0	1	1	1	0	0
     1	        1999	           1	       1999	        365	   1999.503	   1999.502	  10	  20	      23.7125	          3.7845	      19.9280	      27.4970	    2.2694E-07	    4.5387E-08	    -1.000	    -1.000	    2.2694E-07	    4.5387E-08	1	1	1	0	1	1	1	0	0
     1	        1999	           1	       1999	        365	   1999.503	   1999.502	  10	  20	      32.7095	          5.2125	      27.4970	      37.9220	    7.9087E-08	    2.2830E-08	    -1.000	    -1.000	    7.9087E-08	    2.2830E-08	1	1	1	0	1	1	1	0	0
     1	        1999	           1	       1999	        365	   1999.503	   1999.502	  10	  20	      62.6880	          9.6740	      53.0140	      72.3620	    1.1236E-07	    2.1624E-08	    -1.000	    -1.000	    1.1236E-07	    2.1624E-08	1	1	1	0	1	1	1	0	0
     1	        1999	           1	       1999	        365	   1999.503	   1999.502	  12	  24	      15.0155	          1.8985	      13.1170	      16.9140	    3.6190E-08	    2.5590E-08	    -1.000	    -1.000	    3.6190E-08	    2.5590E-08	1	1	1	0	1	1	1	0	0
     1	        1999	           1	       1999	        365	   1999.503	   1999.502	  12	  24	      21.3115	          4.3975	      16.9140	      25.7090	    5.4684E-08	    2.0669E-08	    -1.000	    -1.000	    5.4684E-08	    2.0669E-08	1	1	1	0	1	1	1	0	0
     1	        1999	           1	       1999	        365	   1999.503	   1999.502	  12	  24	      32.1940	          6.4850	      25.7090	      38.6790	    6.8866E-08	    1.9100E-08	    -1.000	    -1.000	    6.8866E-08	    1.9100E-08	1	1	1	0	1	1	1	0	0
     1	        1999	           1	       1999	        365	   1999.503	   1999.502	  12	  24	      69.5350	         11.0470	      58.4880	      80.5820	    0.0000E+00	    0.0000E+00	    -1.000	    -1.000	    0.0000E+00	    0.0000E+00	1	1	1	0	1	1	1	0	0
     1	        1999	           1	       1999	        365	   1999.503	   1999.502	  14	  28	      14.9835	          1.5365	      13.4470	      16.5200	    2.3150E-07	    2.3150E-07	    -1.000	    -1.000	    2.3150E-07	    2.3150E-07	1	1	1	0	1	1	1	0	0
     1	        1999	           1	       1999	        365	   1999.503	   1999.502	  14	  28	      20.1110	          3.5910	      16.5200	      23.7020	    7.9242E-07	    2.8016E-07	    -1.000	    -1.000	    7.9242E-07	    2.8016E-07	1	1	1	0	1	1	1	0	0
     1	        1999	           1	       1999	        365	   1999.503	   1999.502	  14	  28	      29.0680	          5.3660	      23.7020	      34.4340	    9.9431E-07	    2.5673E-07	    -1.000	    -1.000	    9.9431E-07	    2.5673E-07	1	1	1	0	1	1	1	0	0
     1	        1999	           1	       1999	        365	   1999.503	   1999.502	  14	  28	      45.5785	         11.1445	      34.4340	      56.7230	    0.0000E+00	    0.0000E+00	    -1.000	    -1.000	    0.0000E+00	    0.0000E+00	1	1	1	0	1	1	1	0	0
     1	        1999	           1	       1999	        365	   1999.503	   1999.502	  14	  28	      76.1605	         11.7595	      64.4010	      87.9200	    0.0000E+00	    0.0000E+00	    -1.000	    -1.000	    0.0000E+00	    0.0000E+00	1	1	1	0	1	1	1	0	0
     1	        1999	           1	       1999	        365	   1999.503	   1999.502	  16	  32	      19.3750	          3.0220	      16.3530	      22.3970	    3.5311E-07	    2.0387E-07	    -1.000	    -1.000	    3.5311E-07	    2.0387E-07	1	1	1	0	1	1	1	0	0
     1	        1999	           1	       1999	        365	   1999.503	   1999.502	  16	  32	      28.5630	          6.1660	      22.3970	      34.7290	    5.7687E-08	    5.7687E-08	    -1.000	    -1.000	    5.7687E-08	    5.7687E-08	1	1	1	0	1	1	1	0	0
     1	        1999	           1	       1999	        365	   1999.503	   1999.502	  16	  32	      47.4270	         12.6980	      34.7290	      60.1250	    0.0000E+00	    0.0000E+00	    -1.000	    -1.000	    0.0000E+00	    0.0000E+00	1	1	1	0	1	1	1	0	0
     1	        1999	           1	       1999	        365	   1999.503	   1999.502	  16	  32	      81.4865	         13.4825	      68.0040	      94.9690	    0.0000E+00	    0.0000E+00	    -1.000	    -1.000	    0.0000E+00	    0.0000E+00	1	1	1	0	1	1	1	0	0
     1	        1999	           1	       1999	        365	   1999.503	   1999.502	  18	  40	       1.5220	          0.4000	       1.1220	       1.9220	    5.7520E-06	    1.8189E-06	    -1.000	    -1.000	    5.7520E-06	    1.8189E-06	1	1	1	0	1	1	1	0	0
     1	        1999	           1	       1999	        365	   1999.503	   1999.502	  18	  40	       2.5410	          0.6190	       1.9220	       3.1600	    1.4868E-06	    7.4339E-07	    -1.000	    -1.000	    1.4868E-06	    7.4339E-07	1	1	1	0	1	1	1	0	0
     1	        1999	           1	       1999	        365	   1999.503	   1999.502	  18	  40	       7.0610	          3.9010	       3.1600	      10.9620	    0.0000E+00	    0.0000E+00	    -1.000	    -1.000	    0.0000E+00	    0.0000E+00	1	1	1	0	1	1	1	0	0
     1	        1999	           1	       1999	        365	   1999.503	   1999.502	  18	  40	      19.3445	          4.2625	      15.0820	      23.6070	    3.3379E-07	    1.6690E-07	    -1.000	    -1.000	    3.3379E-07	    1.6690E-07	1	1	1	0	1	1	1	0	0
     1	        1999	           1	       1999	        365	   1999.503	   1999.502	  18	  40	      36.3815	         12.7745	      23.6070	      49.1560	    0.0000E+00	    0.0000E+00	    -1.000	    -1.000	    0.0000E+00	    0.0000E+00	1	1	1	0	1	1	1	0	0
     1	        1999	           1	       1999	        365	   1999.503	   1999.502	  18	  40	      80.7955	         13.7135	      67.0820	      94.5090	    0.0000E+00	    0.0000E+00	    -1.000	    -1.000	    0.0000E+00	    0.0000E+00	1	1	1	0	1	1	1	0	0
     1	        1999	           1	       1999	        365	   1999.503	   1999.502	  26	  56	       0.5585	          0.0975	       0.4610	       0.6560	    2.3598E-06	    2.3598E-06	    -1.000	    -1.000	    2.3598E-06	    2.3598E-06	1	1	1	0	1	1	1	0	0
     1	        1999	           1	       1999	        365	   1999.503	   1999.502	  26	  56	       0.8315	          0.1755	       0.6560	       1.0070	    1.3110E-06	    1.3110E-06	    -1.000	    -1.000	    1.3110E-06	    1.3110E-06	1	1	1	0	1	1	1	0	0
     1	        1999	           1	       1999	        365	   1999.503	   1999.502	  26	  56	       1.2930	          0.2860	       1.0070	       1.5790	    0.0000E+00	    0.0000E+00	    -1.000	    -1.000	    0.0000E+00	    0.0000E+00	1	1	1	0	1	1	1	0	0
     1	        1999	           1	       1999	        365	   1999.503	   1999.502	  26	  56	       2.1095	          0.5305	       1.5790	       2.6400	    4.3370E-07	    4.3370E-07	    -1.000	    -1.000	    4.3370E-07	    4.3370E-07	1	1	1	0	1	1	1	0	0
     1	        1999	           1	       1999	        365	   1999.503	   1999.502	  26	  56	      19.1290	          3.2320	      15.8970	      22.3610	    3.3016E-07	    1.9062E-07	    -1.000	    -1.000	    3.3016E-07	    1.9062E-07	1	1	1	0	1	1	1	0	0
     1	        1999	           1	       1999	        365	   1999.503	   1999.502	  26	  56	      30.3450	          7.9840	      22.3610	      38.3290	    0.0000E+00	    0.0000E+00	    -1.000	    -1.000	    0.0000E+00	    0.0000E+00	1	1	1	0	1	1	1	0	0
